Competition: Chilean Primera Division

1933
1934
1935
1936
1937
1938
1939
1940
1941
1942
1943
1944
1945
1946
1947
1948
1949
1950
1951
1952
1953
1954
1955
1956
1957
1958
1959
1960
1961
1962
1963
1964
1965
1966
1967
1968
1969
1970
1971
1972
1973
1974
1975
1976
1977
1978
1979
1980
1981
1982
1983
1984
1985
1986
1987
1988
1989
1990
1991
1992
1993
1994
1995
1996
1997 Apertura
1997 Clausura
1998
1999
2000
2001
2002 Apertura
2002 Clausura
2003 Apertura
2003 Clausura
2004 Apertura
2004 Clausura
2005 Apertura
2005 Clausura
2006 Apertura
2006 Clausura
2007 Apertura
2007 Clausura
2008 Apertura
2008 Clausura
2009 Apertura
2009 Clausura
2010
2011 Apertura
2011 Clausura
2012 Apertura
2012 Clausura
